AC  cluster_13_perm1
XX
ID  cluster_13_perm1
XX
DE  GYGGTaAcaAyRGaGCkG
P0       a     c     g     t
1    33.436 1.04707 505.501 41.0155
2    29.9742 2350.09     0 959.935
3        0     0 784.432 2.0679
4    3.60918     0 847.891     0
5        0 5.61482     0 1241.89
6    866.533 250.415 91.1088 209.443
7    1523.95 138.565 120.579 126.91
8    292.108 639.623 115.411 148.609
9    1149.08 430.054 283.414 375.948
10   1059.12 28.0192 181.615    81
11   304.023 471.515 127.901 777.061
12   735.885 1.53665 334.542 1.53665
13   1.55503 3.8784 726.067     0
14   909.465 409.956 23.5942 377.485
15   5.1094     0 921.572 265.569
16   4.57345 1563.46 1.01633 12.4459
17   54.115 30.9183 490.614 263.603
18   8.4751     0 929.511 0.514075
XX
CC  residue_type: 
CC  program: transfac
CC  matrix.nb: 1
CC  accession: cluster_13_perm1
CC  AC: cluster_13_perm1
CC  id: cluster_13
CC  name: cluster_13_perm1
CC  version: 
CC  name: cluster_13_perm1
CC  description: 
CC  transfac_consensus: 
CC  matrix.nb: 1
CC  consensus.strict: GCGGTaAcaAtAGaGCgG
CC  consensus.strict.rc: CCGCTCTATTGTTACCGC
CC  consensus.IUPAC: GYGGTaAcaAyRGaGCkG
CC  consensus.IUPAC.rc: CMGCTCYRTTGTTACCRC
CC  consensus.regexp: G[CT]GGTaAcaA[ct][AG]GaGC[gt]G
CC  consensus.regexp.rc: C[AC]GCTC[CT][AG]TTGTTACC[AG]C
XX
//
AC  cluster_13_perm2
XX
ID  cluster_13_perm2
XX
DE  GYGGTaAcaAyRGaGCkG
P0       a     c     g     t
1    8.4751     0 929.511 0.514075
2    54.115 30.9183 490.614 263.603
3    3.60918     0 847.891     0
4    4.57345 1563.46 1.01633 12.4459
5    1149.08 430.054 283.414 375.948
6        0     0 784.432 2.0679
7    292.108 639.623 115.411 148.609
8    5.1094     0 921.572 265.569
9    29.9742 2350.09     0 959.935
10   33.436 1.04707 505.501 41.0155
11   1059.12 28.0192 181.615    81
12   1.55503 3.8784 726.067     0
13   304.023 471.515 127.901 777.061
14   909.465 409.956 23.5942 377.485
15   1523.95 138.565 120.579 126.91
16   866.533 250.415 91.1088 209.443
17       0 5.61482     0 1241.89
18   735.885 1.53665 334.542 1.53665
XX
CC  residue_type: 
CC  program: transfac
CC  matrix.nb: 1
CC  accession: cluster_13_perm2
CC  AC: cluster_13_perm2
CC  id: cluster_13
CC  name: cluster_13_perm2
CC  version: 
CC  name: cluster_13_perm2
CC  description: 
CC  transfac_consensus: 
CC  matrix.nb: 1
CC  consensus.strict: GCGGTaAcaAtAGaGCgG
CC  consensus.strict.rc: CCGCTCTATTGTTACCGC
CC  consensus.IUPAC: GYGGTaAcaAyRGaGCkG
CC  consensus.IUPAC.rc: CMGCTCYRTTGTTACCRC
CC  consensus.regexp: G[CT]GGTaAcaA[ct][AG]GaGC[gt]G
CC  consensus.regexp.rc: C[AC]GCTC[CT][AG]TTGTTACC[AG]C
XX
//
AC  cluster_13_perm3
XX
ID  cluster_13_perm3
XX
DE  GYGGTaAcaAyRGaGCkG
P0       a     c     g     t
1        0 5.61482     0 1241.89
2    909.465 409.956 23.5942 377.485
3    1059.12 28.0192 181.615    81
4    29.9742 2350.09     0 959.935
5    1.55503 3.8784 726.067     0
6    8.4751     0 929.511 0.514075
7    866.533 250.415 91.1088 209.443
8    735.885 1.53665 334.542 1.53665
9    304.023 471.515 127.901 777.061
10   4.57345 1563.46 1.01633 12.4459
11   5.1094     0 921.572 265.569
12   54.115 30.9183 490.614 263.603
13   1523.95 138.565 120.579 126.91
14       0     0 784.432 2.0679
15   292.108 639.623 115.411 148.609
16   3.60918     0 847.891     0
17   33.436 1.04707 505.501 41.0155
18   1149.08 430.054 283.414 375.948
XX
CC  residue_type: 
CC  program: transfac
CC  matrix.nb: 1
CC  accession: cluster_13_perm3
CC  AC: cluster_13_perm3
CC  id: cluster_13
CC  name: cluster_13_perm3
CC  version: 
CC  name: cluster_13_perm3
CC  description: 
CC  transfac_consensus: 
CC  matrix.nb: 1
CC  consensus.strict: GCGGTaAcaAtAGaGCgG
CC  consensus.strict.rc: CCGCTCTATTGTTACCGC
CC  consensus.IUPAC: GYGGTaAcaAyRGaGCkG
CC  consensus.IUPAC.rc: CMGCTCYRTTGTTACCRC
CC  consensus.regexp: G[CT]GGTaAcaA[ct][AG]GaGC[gt]G
CC  consensus.regexp.rc: C[AC]GCTC[CT][AG]TTGTTACC[AG]C
XX
//
AC  cluster_13_perm4
XX
ID  cluster_13_perm4
XX
DE  GYGGTaAcaAyRGaGCkG
P0       a     c     g     t
1    292.108 639.623 115.411 148.609
2    1149.08 430.054 283.414 375.948
3    1523.95 138.565 120.579 126.91
4    8.4751     0 929.511 0.514075
5    304.023 471.515 127.901 777.061
6    1059.12 28.0192 181.615    81
7    4.57345 1563.46 1.01633 12.4459
8    3.60918     0 847.891     0
9    5.1094     0 921.572 265.569
10   54.115 30.9183 490.614 263.603
11   909.465 409.956 23.5942 377.485
12   33.436 1.04707 505.501 41.0155
13       0     0 784.432 2.0679
14   1.55503 3.8784 726.067     0
15       0 5.61482     0 1241.89
16   29.9742 2350.09     0 959.935
17   735.885 1.53665 334.542 1.53665
18   866.533 250.415 91.1088 209.443
XX
CC  residue_type: 
CC  program: transfac
CC  matrix.nb: 1
CC  accession: cluster_13_perm4
CC  AC: cluster_13_perm4
CC  id: cluster_13
CC  name: cluster_13_perm4
CC  version: 
CC  name: cluster_13_perm4
CC  description: 
CC  transfac_consensus: 
CC  matrix.nb: 1
CC  consensus.strict: GCGGTaAcaAtAGaGCgG
CC  consensus.strict.rc: CCGCTCTATTGTTACCGC
CC  consensus.IUPAC: GYGGTaAcaAyRGaGCkG
CC  consensus.IUPAC.rc: CMGCTCYRTTGTTACCRC
CC  consensus.regexp: G[CT]GGTaAcaA[ct][AG]GaGC[gt]G
CC  consensus.regexp.rc: C[AC]GCTC[CT][AG]TTGTTACC[AG]C
XX
//
AC  cluster_13_perm5
XX
ID  cluster_13_perm5
XX
DE  GYGGTaAcaAyRGaGCkG
P0       a     c     g     t
1    1.55503 3.8784 726.067     0
2    54.115 30.9183 490.614 263.603
3    304.023 471.515 127.901 777.061
4    909.465 409.956 23.5942 377.485
5    1523.95 138.565 120.579 126.91
6    292.108 639.623 115.411 148.609
7    866.533 250.415 91.1088 209.443
8    1149.08 430.054 283.414 375.948
9    735.885 1.53665 334.542 1.53665
10   8.4751     0 929.511 0.514075
11       0 5.61482     0 1241.89
12   3.60918     0 847.891     0
13   1059.12 28.0192 181.615    81
14   29.9742 2350.09     0 959.935
15   5.1094     0 921.572 265.569
16   4.57345 1563.46 1.01633 12.4459
17   33.436 1.04707 505.501 41.0155
18       0     0 784.432 2.0679
XX
CC  residue_type: 
CC  program: transfac
CC  matrix.nb: 1
CC  accession: cluster_13_perm5
CC  AC: cluster_13_perm5
CC  id: cluster_13
CC  name: cluster_13_perm5
CC  version: 
CC  name: cluster_13_perm5
CC  description: 
CC  transfac_consensus: 
CC  matrix.nb: 1
CC  consensus.strict: GCGGTaAcaAtAGaGCgG
CC  consensus.strict.rc: CCGCTCTATTGTTACCGC
CC  consensus.IUPAC: GYGGTaAcaAyRGaGCkG
CC  consensus.IUPAC.rc: CMGCTCYRTTGTTACCRC
CC  consensus.regexp: G[CT]GGTaAcaA[ct][AG]GaGC[gt]G
CC  consensus.regexp.rc: C[AC]GCTC[CT][AG]TTGTTACC[AG]C
XX
//
AC  cluster_14_perm1
XX
ID  cluster_14_perm1
XX
DE  GtcGyGgcdsarGGG
P0       a     c     g     t
1    19.4593 9.05671 6078.26 24.5411
2    151.434 563.981 1869.96 5005.5
3    637.005 5187.13 125.578 1913.77
4    646.561 30.8368 5985.77 33.2779
5    481.351 3935.83 782.423 2236.31
6    13.5396 25.5959 6077.6 59.7059
7    1007.7 293.586 2490.94 630.993
8    1077.48 1374.37 1101.03 959.8
9    1696.36 377.511  2280 2340.93
10   0.763889 2.54167 2.33333 1.30556
11   58.4791 12.2959 31.0134 25.5866
12   731.808 266.129 1029.54 471.441
13   77.8418 6.09065 6062.75 101.876
14   581.446 372.845 5516.71 1363.01
15   305.918 113.977 5926.53 216.438
XX
CC  residue_type: 
CC  program: transfac
CC  matrix.nb: 2
CC  accession: cluster_14_perm1
CC  AC: cluster_14_perm1
CC  id: cluster_14
CC  name: cluster_14_perm1
CC  version: 
CC  name: cluster_14_perm1
CC  description: 
CC  transfac_consensus: 
CC  matrix.nb: 2
CC  consensus.strict: GtcGcGgctcagGGG
CC  consensus.strict.rc: CCCCTGAGCCGCGAC
CC  consensus.IUPAC: GtcGyGgcdsarGGG
CC  consensus.IUPAC.rc: CCCYTSHGCCRCGAC
CC  consensus.regexp: GtcG[ct]Ggc[agt][cg]a[ag]GGG
CC  consensus.regexp.rc: CCC[CT]T[CG][ACT]GCC[AG]CGAC
XX
//
AC  cluster_14_perm2
XX
ID  cluster_14_perm2
XX
DE  GtcGyGgcdsarGGG
P0       a     c     g     t
1    151.434 563.981 1869.96 5005.5
2    0.763889 2.54167 2.33333 1.30556
3    305.918 113.977 5926.53 216.438
4    581.446 372.845 5516.71 1363.01
5    77.8418 6.09065 6062.75 101.876
6    1077.48 1374.37 1101.03 959.8
7    1696.36 377.511  2280 2340.93
8    58.4791 12.2959 31.0134 25.5866
9    646.561 30.8368 5985.77 33.2779
10   1007.7 293.586 2490.94 630.993
11   731.808 266.129 1029.54 471.441
12   481.351 3935.83 782.423 2236.31
13   19.4593 9.05671 6078.26 24.5411
14   637.005 5187.13 125.578 1913.77
15   13.5396 25.5959 6077.6 59.7059
XX
CC  residue_type: 
CC  program: transfac
CC  matrix.nb: 2
CC  accession: cluster_14_perm2
CC  AC: cluster_14_perm2
CC  id: cluster_14
CC  name: cluster_14_perm2
CC  version: 
CC  name: cluster_14_perm2
CC  description: 
CC  transfac_consensus: 
CC  matrix.nb: 2
CC  consensus.strict: GtcGcGgctcagGGG
CC  consensus.strict.rc: CCCCTGAGCCGCGAC
CC  consensus.IUPAC: GtcGyGgcdsarGGG
CC  consensus.IUPAC.rc: CCCYTSHGCCRCGAC
CC  consensus.regexp: GtcG[ct]Ggc[agt][cg]a[ag]GGG
CC  consensus.regexp.rc: CCC[CT]T[CG][ACT]GCC[AG]CGAC
XX
//
AC  cluster_14_perm3
XX
ID  cluster_14_perm3
XX
DE  GtcGyGgcdsarGGG
P0       a     c     g     t
1    0.763889 2.54167 2.33333 1.30556
2    481.351 3935.83 782.423 2236.31
3    77.8418 6.09065 6062.75 101.876
4    13.5396 25.5959 6077.6 59.7059
5    1696.36 377.511  2280 2340.93
6    1007.7 293.586 2490.94 630.993
7    646.561 30.8368 5985.77 33.2779
8    19.4593 9.05671 6078.26 24.5411
9    1077.48 1374.37 1101.03 959.8
10   151.434 563.981 1869.96 5005.5
11   637.005 5187.13 125.578 1913.77
12   581.446 372.845 5516.71 1363.01
13   58.4791 12.2959 31.0134 25.5866
14   731.808 266.129 1029.54 471.441
15   305.918 113.977 5926.53 216.438
XX
CC  residue_type: 
CC  program: transfac
CC  matrix.nb: 2
CC  accession: cluster_14_perm3
CC  AC: cluster_14_perm3
CC  id: cluster_14
CC  name: cluster_14_perm3
CC  version: 
CC  name: cluster_14_perm3
CC  description: 
CC  transfac_consensus: 
CC  matrix.nb: 2
CC  consensus.strict: GtcGcGgctcagGGG
CC  consensus.strict.rc: CCCCTGAGCCGCGAC
CC  consensus.IUPAC: GtcGyGgcdsarGGG
CC  consensus.IUPAC.rc: CCCYTSHGCCRCGAC
CC  consensus.regexp: GtcG[ct]Ggc[agt][cg]a[ag]GGG
CC  consensus.regexp.rc: CCC[CT]T[CG][ACT]GCC[AG]CGAC
XX
//
AC  cluster_14_perm4
XX
ID  cluster_14_perm4
XX
DE  GtcGyGgcdsarGGG
P0       a     c     g     t
1    19.4593 9.05671 6078.26 24.5411
2    581.446 372.845 5516.71 1363.01
3    1696.36 377.511  2280 2340.93
4    481.351 3935.83 782.423 2236.31
5    637.005 5187.13 125.578 1913.77
6    646.561 30.8368 5985.77 33.2779
7    13.5396 25.5959 6077.6 59.7059
8    58.4791 12.2959 31.0134 25.5866
9    1077.48 1374.37 1101.03 959.8
10   305.918 113.977 5926.53 216.438
11   77.8418 6.09065 6062.75 101.876
12   0.763889 2.54167 2.33333 1.30556
13   1007.7 293.586 2490.94 630.993
14   731.808 266.129 1029.54 471.441
15   151.434 563.981 1869.96 5005.5
XX
CC  residue_type: 
CC  program: transfac
CC  matrix.nb: 2
CC  accession: cluster_14_perm4
CC  AC: cluster_14_perm4
CC  id: cluster_14
CC  name: cluster_14_perm4
CC  version: 
CC  name: cluster_14_perm4
CC  description: 
CC  transfac_consensus: 
CC  matrix.nb: 2
CC  consensus.strict: GtcGcGgctcagGGG
CC  consensus.strict.rc: CCCCTGAGCCGCGAC
CC  consensus.IUPAC: GtcGyGgcdsarGGG
CC  consensus.IUPAC.rc: CCCYTSHGCCRCGAC
CC  consensus.regexp: GtcG[ct]Ggc[agt][cg]a[ag]GGG
CC  consensus.regexp.rc: CCC[CT]T[CG][ACT]GCC[AG]CGAC
XX
//
AC  cluster_14_perm5
XX
ID  cluster_14_perm5
XX
DE  GtcGyGgcdsarGGG
P0       a     c     g     t
1    1696.36 377.511  2280 2340.93
2    13.5396 25.5959 6077.6 59.7059
3    58.4791 12.2959 31.0134 25.5866
4    581.446 372.845 5516.71 1363.01
5    19.4593 9.05671 6078.26 24.5411
6    1007.7 293.586 2490.94 630.993
7    481.351 3935.83 782.423 2236.31
8    646.561 30.8368 5985.77 33.2779
9    731.808 266.129 1029.54 471.441
10   77.8418 6.09065 6062.75 101.876
11   637.005 5187.13 125.578 1913.77
12   305.918 113.977 5926.53 216.438
13   1077.48 1374.37 1101.03 959.8
14   0.763889 2.54167 2.33333 1.30556
15   151.434 563.981 1869.96 5005.5
XX
CC  residue_type: 
CC  program: transfac
CC  matrix.nb: 2
CC  accession: cluster_14_perm5
CC  AC: cluster_14_perm5
CC  id: cluster_14
CC  name: cluster_14_perm5
CC  version: 
CC  name: cluster_14_perm5
CC  description: 
CC  transfac_consensus: 
CC  matrix.nb: 2
CC  consensus.strict: GtcGcGgctcagGGG
CC  consensus.strict.rc: CCCCTGAGCCGCGAC
CC  consensus.IUPAC: GtcGyGgcdsarGGG
CC  consensus.IUPAC.rc: CCCYTSHGCCRCGAC
CC  consensus.regexp: GtcG[ct]Ggc[agt][cg]a[ag]GGG
CC  consensus.regexp.rc: CCC[CT]T[CG][ACT]GCC[AG]CGAC
XX
//
AC  cluster_15_perm1
XX
ID  cluster_15_perm1
XX
DE  MrCyCwyChCCCGmCyR
P0       a     c     g     t
1    4752.54 1662.46 8.79627 3.28812
2    3245.6 241.272 2462.57 244.223
3    0.338817 5826.39 1.49814 170.52
4    853.561 1466.86 1038.98 2082.18
5    12.9338 5784.8 9.53942 336.892
6    3112.66 300.262 182.061 2258.12
7    212.926 333.12 161.637 501.733
8    238.808 4398.57 179.78 1364.84
9    1517.13 1697.09 434.152 2411.72
10   3.5078 5908.32 0.324667 5.59746
11   1.52331 5925.11 2.29163 2.65296
12   0.685683 5915.31 1.01312 2.48687
13   361.378 10.6846 5885.15 122.708
14   2826.53 2796.11 6.37242 349.651
15   158.926 5785.27 14.9091 23.6467
16   210.619 235.839 118.501 312.374
17   1710.83 13.8901 4695.68 26.7676
XX
CC  residue_type: 
CC  program: transfac
CC  matrix.nb: 3
CC  accession: cluster_15_perm1
CC  AC: cluster_15_perm1
CC  id: cluster_15
CC  name: cluster_15_perm1
CC  version: 
CC  name: cluster_15_perm1
CC  description: 
CC  transfac_consensus: 
CC  matrix.nb: 3
CC  consensus.strict: AaCtCatCtCCCGaCtG
CC  consensus.strict.rc: CAGTCGGGAGATGAGTT
CC  consensus.IUPAC: MrCyCwyChCCCGmCyR
CC  consensus.IUPAC.rc: YRGKCGGGDGRWGRGYK
CC  consensus.regexp: [AC][ag]C[ct]C[at][ct]C[act]CCCG[ac]C[ct][AG]
CC  consensus.regexp.rc: [CT][AG]G[GT]CGGG[AGT]G[AG][AT]G[AG]G[CT][GT]
XX
//
AC  cluster_15_perm2
XX
ID  cluster_15_perm2
XX
DE  MrCyCwyChCCCGmCyR
P0       a     c     g     t
1    238.808 4398.57 179.78 1364.84
2    361.378 10.6846 5885.15 122.708
3    853.561 1466.86 1038.98 2082.18
4    3112.66 300.262 182.061 2258.12
5    1.52331 5925.11 2.29163 2.65296
6    2826.53 2796.11 6.37242 349.651
7    210.619 235.839 118.501 312.374
8    158.926 5785.27 14.9091 23.6467
9    0.685683 5915.31 1.01312 2.48687
10   3.5078 5908.32 0.324667 5.59746
11   3245.6 241.272 2462.57 244.223
12   12.9338 5784.8 9.53942 336.892
13   1710.83 13.8901 4695.68 26.7676
14   1517.13 1697.09 434.152 2411.72
15   212.926 333.12 161.637 501.733
16   4752.54 1662.46 8.79627 3.28812
17   0.338817 5826.39 1.49814 170.52
XX
CC  residue_type: 
CC  program: transfac
CC  matrix.nb: 3
CC  accession: cluster_15_perm2
CC  AC: cluster_15_perm2
CC  id: cluster_15
CC  name: cluster_15_perm2
CC  version: 
CC  name: cluster_15_perm2
CC  description: 
CC  transfac_consensus: 
CC  matrix.nb: 3
CC  consensus.strict: AaCtCatCtCCCGaCtG
CC  consensus.strict.rc: CAGTCGGGAGATGAGTT
CC  consensus.IUPAC: MrCyCwyChCCCGmCyR
CC  consensus.IUPAC.rc: YRGKCGGGDGRWGRGYK
CC  consensus.regexp: [AC][ag]C[ct]C[at][ct]C[act]CCCG[ac]C[ct][AG]
CC  consensus.regexp.rc: [CT][AG]G[GT]CGGG[AGT]G[AG][AT]G[AG]G[CT][GT]
XX
//
AC  cluster_15_perm3
XX
ID  cluster_15_perm3
XX
DE  MrCyCwyChCCCGmCyR
P0       a     c     g     t
1    12.9338 5784.8 9.53942 336.892
2    238.808 4398.57 179.78 1364.84
3    0.685683 5915.31 1.01312 2.48687
4    3.5078 5908.32 0.324667 5.59746
5    212.926 333.12 161.637 501.733
6    3112.66 300.262 182.061 2258.12
7    4752.54 1662.46 8.79627 3.28812
8    158.926 5785.27 14.9091 23.6467
9    361.378 10.6846 5885.15 122.708
10   1517.13 1697.09 434.152 2411.72
11   2826.53 2796.11 6.37242 349.651
12   0.338817 5826.39 1.49814 170.52
13   853.561 1466.86 1038.98 2082.18
14   1710.83 13.8901 4695.68 26.7676
15   1.52331 5925.11 2.29163 2.65296
16   210.619 235.839 118.501 312.374
17   3245.6 241.272 2462.57 244.223
XX
CC  residue_type: 
CC  program: transfac
CC  matrix.nb: 3
CC  accession: cluster_15_perm3
CC  AC: cluster_15_perm3
CC  id: cluster_15
CC  name: cluster_15_perm3
CC  version: 
CC  name: cluster_15_perm3
CC  description: 
CC  transfac_consensus: 
CC  matrix.nb: 3
CC  consensus.strict: AaCtCatCtCCCGaCtG
CC  consensus.strict.rc: CAGTCGGGAGATGAGTT
CC  consensus.IUPAC: MrCyCwyChCCCGmCyR
CC  consensus.IUPAC.rc: YRGKCGGGDGRWGRGYK
CC  consensus.regexp: [AC][ag]C[ct]C[at][ct]C[act]CCCG[ac]C[ct][AG]
CC  consensus.regexp.rc: [CT][AG]G[GT]CGGG[AGT]G[AG][AT]G[AG]G[CT][GT]
XX
//
AC  cluster_15_perm4
XX
ID  cluster_15_perm4
XX
DE  MrCyCwyChCCCGmCyR
P0       a     c     g     t
1    238.808 4398.57 179.78 1364.84
2    3112.66 300.262 182.061 2258.12
3    212.926 333.12 161.637 501.733
4    361.378 10.6846 5885.15 122.708
5    853.561 1466.86 1038.98 2082.18
6    0.338817 5826.39 1.49814 170.52
7    1517.13 1697.09 434.152 2411.72
8    4752.54 1662.46 8.79627 3.28812
9    158.926 5785.27 14.9091 23.6467
10   2826.53 2796.11 6.37242 349.651
11   3.5078 5908.32 0.324667 5.59746
12   1710.83 13.8901 4695.68 26.7676
13   12.9338 5784.8 9.53942 336.892
14   0.685683 5915.31 1.01312 2.48687
15   3245.6 241.272 2462.57 244.223
16   210.619 235.839 118.501 312.374
17   1.52331 5925.11 2.29163 2.65296
XX
CC  residue_type: 
CC  program: transfac
CC  matrix.nb: 3
CC  accession: cluster_15_perm4
CC  AC: cluster_15_perm4
CC  id: cluster_15
CC  name: cluster_15_perm4
CC  version: 
CC  name: cluster_15_perm4
CC  description: 
CC  transfac_consensus: 
CC  matrix.nb: 3
CC  consensus.strict: AaCtCatCtCCCGaCtG
CC  consensus.strict.rc: CAGTCGGGAGATGAGTT
CC  consensus.IUPAC: MrCyCwyChCCCGmCyR
CC  consensus.IUPAC.rc: YRGKCGGGDGRWGRGYK
CC  consensus.regexp: [AC][ag]C[ct]C[at][ct]C[act]CCCG[ac]C[ct][AG]
CC  consensus.regexp.rc: [CT][AG]G[GT]CGGG[AGT]G[AG][AT]G[AG]G[CT][GT]
XX
//
AC  cluster_15_perm5
XX
ID  cluster_15_perm5
XX
DE  MrCyCwyChCCCGmCyR
P0       a     c     g     t
1    12.9338 5784.8 9.53942 336.892
2    3245.6 241.272 2462.57 244.223
3    853.561 1466.86 1038.98 2082.18
4    158.926 5785.27 14.9091 23.6467
5    212.926 333.12 161.637 501.733
6    361.378 10.6846 5885.15 122.708
7    238.808 4398.57 179.78 1364.84
8    3.5078 5908.32 0.324667 5.59746
9    210.619 235.839 118.501 312.374
10   0.685683 5915.31 1.01312 2.48687
11   1.52331 5925.11 2.29163 2.65296
12   0.338817 5826.39 1.49814 170.52
13   3112.66 300.262 182.061 2258.12
14   2826.53 2796.11 6.37242 349.651
15   4752.54 1662.46 8.79627 3.28812
16   1710.83 13.8901 4695.68 26.7676
17   1517.13 1697.09 434.152 2411.72
XX
CC  residue_type: 
CC  program: transfac
CC  matrix.nb: 3
CC  accession: cluster_15_perm5
CC  AC: cluster_15_perm5
CC  id: cluster_15
CC  name: cluster_15_perm5
CC  version: 
CC  name: cluster_15_perm5
CC  description: 
CC  transfac_consensus: 
CC  matrix.nb: 3
CC  consensus.strict: AaCtCatCtCCCGaCtG
CC  consensus.strict.rc: CAGTCGGGAGATGAGTT
CC  consensus.IUPAC: MrCyCwyChCCCGmCyR
CC  consensus.IUPAC.rc: YRGKCGGGDGRWGRGYK
CC  consensus.regexp: [AC][ag]C[ct]C[at][ct]C[act]CCCG[ac]C[ct][AG]
CC  consensus.regexp.rc: [CT][AG]G[GT]CGGG[AGT]G[AG][AT]G[AG]G[CT][GT]
XX
//
AC  cluster_45_perm1
XX
ID  cluster_45_perm1
XX
DE  GGCGTgACCgcCsAAyT
P0       a     c     g     t
1    4.09515 9.72605 2125.39 12.2855
2    7.6798 11.2637 2111.44 5.1199
3        0 2022.47     0 1.02535
4    4.09445 11.2598 2147.54 4.60625
5    0.51365 2.56835     0 1875.42
6    458.994 234.62 1374.42 19.4662
7    1368.89 47.5237 128.624 14.4637
8    15.8643 2117.12 6.6528 37.358
9    0.5125 2051.95     0 1.53745
10   435.893 325.378 724.776 346.453
11   349.397 670.535 384.337 454.731
12   2.55905 1945.92 116.182 101.339
13   2.04855 1015.56 1090.84 2.04855
14   1492.47 8.78835 18.6106 4.1357
15   1466.87 19.5996 8.7682 139.26
16   149.503 933.758 170.424 1235.32
17   121.578     0 9.23375 1844.19
XX
CC  residue_type: 
CC  program: transfac
CC  matrix.nb: 4
CC  accession: cluster_45_perm1
CC  AC: cluster_45_perm1
CC  id: cluster_45
CC  name: cluster_45_perm1
CC  version: 
CC  name: cluster_45_perm1
CC  description: 
CC  transfac_consensus: 
CC  matrix.nb: 4
CC  consensus.strict: GGCGTgACCgcCgAAtT
CC  consensus.strict.rc: AATTCGGCGGTCACGCC
CC  consensus.IUPAC: GGCGTgACCgcCsAAyT
CC  consensus.IUPAC.rc: ARTTSGGCGGTCACGCC
CC  consensus.regexp: GGCGTgACCgcC[cg]AA[ct]T
CC  consensus.regexp.rc: A[AG]TT[CG]GGCGGTCACGCC
XX
//
AC  cluster_45_perm2
XX
ID  cluster_45_perm2
XX
DE  GGCGTgACCgcCsAAyT
P0       a     c     g     t
1    7.6798 11.2637 2111.44 5.1199
2    458.994 234.62 1374.42 19.4662
3    349.397 670.535 384.337 454.731
4    15.8643 2117.12 6.6528 37.358
5    435.893 325.378 724.776 346.453
6    121.578     0 9.23375 1844.19
7    2.04855 1015.56 1090.84 2.04855
8    1368.89 47.5237 128.624 14.4637
9    2.55905 1945.92 116.182 101.339
10   1466.87 19.5996 8.7682 139.26
11   0.5125 2051.95     0 1.53745
12   1492.47 8.78835 18.6106 4.1357
13   4.09445 11.2598 2147.54 4.60625
14       0 2022.47     0 1.02535
15   149.503 933.758 170.424 1235.32
16   0.51365 2.56835     0 1875.42
17   4.09515 9.72605 2125.39 12.2855
XX
CC  residue_type: 
CC  program: transfac
CC  matrix.nb: 4
CC  accession: cluster_45_perm2
CC  AC: cluster_45_perm2
CC  id: cluster_45
CC  name: cluster_45_perm2
CC  version: 
CC  name: cluster_45_perm2
CC  description: 
CC  transfac_consensus: 
CC  matrix.nb: 4
CC  consensus.strict: GGCGTgACCgcCgAAtT
CC  consensus.strict.rc: AATTCGGCGGTCACGCC
CC  consensus.IUPAC: GGCGTgACCgcCsAAyT
CC  consensus.IUPAC.rc: ARTTSGGCGGTCACGCC
CC  consensus.regexp: GGCGTgACCgcC[cg]AA[ct]T
CC  consensus.regexp.rc: A[AG]TT[CG]GGCGGTCACGCC
XX
//
AC  cluster_45_perm3
XX
ID  cluster_45_perm3
XX
DE  GGCGTgACCgcCsAAyT
P0       a     c     g     t
1    1368.89 47.5237 128.624 14.4637
2    4.09515 9.72605 2125.39 12.2855
3        0 2022.47     0 1.02535
4    435.893 325.378 724.776 346.453
5    0.51365 2.56835     0 1875.42
6    0.5125 2051.95     0 1.53745
7    121.578     0 9.23375 1844.19
8    1492.47 8.78835 18.6106 4.1357
9    15.8643 2117.12 6.6528 37.358
10   2.55905 1945.92 116.182 101.339
11   349.397 670.535 384.337 454.731
12   1466.87 19.5996 8.7682 139.26
13   7.6798 11.2637 2111.44 5.1199
14   458.994 234.62 1374.42 19.4662
15   4.09445 11.2598 2147.54 4.60625
16   2.04855 1015.56 1090.84 2.04855
17   149.503 933.758 170.424 1235.32
XX
CC  residue_type: 
CC  program: transfac
CC  matrix.nb: 4
CC  accession: cluster_45_perm3
CC  AC: cluster_45_perm3
CC  id: cluster_45
CC  name: cluster_45_perm3
CC  version: 
CC  name: cluster_45_perm3
CC  description: 
CC  transfac_consensus: 
CC  matrix.nb: 4
CC  consensus.strict: GGCGTgACCgcCgAAtT
CC  consensus.strict.rc: AATTCGGCGGTCACGCC
CC  consensus.IUPAC: GGCGTgACCgcCsAAyT
CC  consensus.IUPAC.rc: ARTTSGGCGGTCACGCC
CC  consensus.regexp: GGCGTgACCgcC[cg]AA[ct]T
CC  consensus.regexp.rc: A[AG]TT[CG]GGCGGTCACGCC
XX
//
AC  cluster_45_perm4
XX
ID  cluster_45_perm4
XX
DE  GGCGTgACCgcCsAAyT
P0       a     c     g     t
1    2.04855 1015.56 1090.84 2.04855
2    1368.89 47.5237 128.624 14.4637
3    349.397 670.535 384.337 454.731
4    4.09445 11.2598 2147.54 4.60625
5    4.09515 9.72605 2125.39 12.2855
6    15.8643 2117.12 6.6528 37.358
7    435.893 325.378 724.776 346.453
8    2.55905 1945.92 116.182 101.339
9    0.5125 2051.95     0 1.53745
10   1492.47 8.78835 18.6106 4.1357
11       0 2022.47     0 1.02535
12   149.503 933.758 170.424 1235.32
13   121.578     0 9.23375 1844.19
14   1466.87 19.5996 8.7682 139.26
15   0.51365 2.56835     0 1875.42
16   458.994 234.62 1374.42 19.4662
17   7.6798 11.2637 2111.44 5.1199
XX
CC  residue_type: 
CC  program: transfac
CC  matrix.nb: 4
CC  accession: cluster_45_perm4
CC  AC: cluster_45_perm4
CC  id: cluster_45
CC  name: cluster_45_perm4
CC  version: 
CC  name: cluster_45_perm4
CC  description: 
CC  transfac_consensus: 
CC  matrix.nb: 4
CC  consensus.strict: GGCGTgACCgcCgAAtT
CC  consensus.strict.rc: AATTCGGCGGTCACGCC
CC  consensus.IUPAC: GGCGTgACCgcCsAAyT
CC  consensus.IUPAC.rc: ARTTSGGCGGTCACGCC
CC  consensus.regexp: GGCGTgACCgcC[cg]AA[ct]T
CC  consensus.regexp.rc: A[AG]TT[CG]GGCGGTCACGCC
XX
//
AC  cluster_45_perm5
XX
ID  cluster_45_perm5
XX
DE  GGCGTgACCgcCsAAyT
P0       a     c     g     t
1    349.397 670.535 384.337 454.731
2    149.503 933.758 170.424 1235.32
3    0.5125 2051.95     0 1.53745
4    7.6798 11.2637 2111.44 5.1199
5    4.09445 11.2598 2147.54 4.60625
6    1466.87 19.5996 8.7682 139.26
7    0.51365 2.56835     0 1875.42
8    15.8643 2117.12 6.6528 37.358
9    2.04855 1015.56 1090.84 2.04855
10   121.578     0 9.23375 1844.19
11   458.994 234.62 1374.42 19.4662
12   435.893 325.378 724.776 346.453
13   4.09515 9.72605 2125.39 12.2855
14       0 2022.47     0 1.02535
15   2.55905 1945.92 116.182 101.339
16   1368.89 47.5237 128.624 14.4637
17   1492.47 8.78835 18.6106 4.1357
XX
CC  residue_type: 
CC  program: transfac
CC  matrix.nb: 4
CC  accession: cluster_45_perm5
CC  AC: cluster_45_perm5
CC  id: cluster_45
CC  name: cluster_45_perm5
CC  version: 
CC  name: cluster_45_perm5
CC  description: 
CC  transfac_consensus: 
CC  matrix.nb: 4
CC  consensus.strict: GGCGTgACCgcCgAAtT
CC  consensus.strict.rc: AATTCGGCGGTCACGCC
CC  consensus.IUPAC: GGCGTgACCgcCsAAyT
CC  consensus.IUPAC.rc: ARTTSGGCGGTCACGCC
CC  consensus.regexp: GGCGTgACCgcC[cg]AA[ct]T
CC  consensus.regexp.rc: A[AG]TT[CG]GGCGGTCACGCC
XX
//
AC  cluster_46_perm1
XX
ID  cluster_46_perm1
XX
DE  hGTwCCGACGArTACytGG
P0       a     c     g     t
1    19.1053 22.2632 1.10526 21.3158
2    1.44246 10.1109 2035.39 169.316
3    0.643526 2.19817 6.9027 2031.2
4    896.512 122.541 0.212684 1550.37
5    234.095 2032.94 193.187 50.1511
6    3.54615 2037.92 3.20489 3.11738
7    0.532147 0.429774 2038.04 0.315789
8    1995.16 1.00595 166.948 466.15
9    156.582 2035.47 4.78841 0.792637
10   86.4641 251.489 2031.79 220.31
11   1915.23 123.493 480.304 257.763
12   359.842 274.211 370.632   231
13   0.736842     0 1.42105 63.7895
14   2038.03 0.799732 0.797758 0.322311
15   3.33938 2030.63 13.4799 0.971784
16   292.895 377.579 270.053 361.737
17   343.124 508.419 127.566 1728.05
18   0.368421 1.05263 52.0526 11.7368
19   0.742279 0.742279 2038.04 0.531753
XX
CC  residue_type: 
CC  program: transfac
CC  matrix.nb: 5
CC  accession: cluster_46_perm1
CC  AC: cluster_46_perm1
CC  id: cluster_46
CC  name: cluster_46_perm1
CC  version: 
CC  name: cluster_46_perm1
CC  description: 
CC  transfac_consensus: 
CC  matrix.nb: 5
CC  consensus.strict: cGTtCCGACGAgTACctGG
CC  consensus.strict.rc: CCAGGTACTCGTCGGAACG
CC  consensus.IUPAC: hGTwCCGACGArTACytGG
CC  consensus.IUPAC.rc: CCARGTAYTCGTCGGWACD
CC  consensus.regexp: [act]GT[at]CCGACGA[ag]TAC[ct]tGG
CC  consensus.regexp.rc: CCA[AG]GTA[CT]TCGTCGG[AT]AC[AGT]
XX
//
AC  cluster_46_perm2
XX
ID  cluster_46_perm2
XX
DE  hGTwCCGACGArTACytGG
P0       a     c     g     t
1    1995.16 1.00595 166.948 466.15
2    19.1053 22.2632 1.10526 21.3158
3    1.44246 10.1109 2035.39 169.316
4    359.842 274.211 370.632   231
5    156.582 2035.47 4.78841 0.792637
6    86.4641 251.489 2031.79 220.31
7    2038.03 0.799732 0.797758 0.322311
8    3.33938 2030.63 13.4799 0.971784
9    3.54615 2037.92 3.20489 3.11738
10   0.532147 0.429774 2038.04 0.315789
11   0.643526 2.19817 6.9027 2031.2
12   0.736842     0 1.42105 63.7895
13   234.095 2032.94 193.187 50.1511
14   1915.23 123.493 480.304 257.763
15   292.895 377.579 270.053 361.737
16   343.124 508.419 127.566 1728.05
17   0.742279 0.742279 2038.04 0.531753
18   0.368421 1.05263 52.0526 11.7368
19   896.512 122.541 0.212684 1550.37
XX
CC  residue_type: 
CC  program: transfac
CC  matrix.nb: 5
CC  accession: cluster_46_perm2
CC  AC: cluster_46_perm2
CC  id: cluster_46
CC  name: cluster_46_perm2
CC  version: 
CC  name: cluster_46_perm2
CC  description: 
CC  transfac_consensus: 
CC  matrix.nb: 5
CC  consensus.strict: cGTtCCGACGAgTACctGG
CC  consensus.strict.rc: CCAGGTACTCGTCGGAACG
CC  consensus.IUPAC: hGTwCCGACGArTACytGG
CC  consensus.IUPAC.rc: CCARGTAYTCGTCGGWACD
CC  consensus.regexp: [act]GT[at]CCGACGA[ag]TAC[ct]tGG
CC  consensus.regexp.rc: CCA[AG]GTA[CT]TCGTCGG[AT]AC[AGT]
XX
//
AC  cluster_46_perm3
XX
ID  cluster_46_perm3
XX
DE  hGTwCCGACGArTACytGG
P0       a     c     g     t
1    1915.23 123.493 480.304 257.763
2    0.368421 1.05263 52.0526 11.7368
3    0.532147 0.429774 2038.04 0.315789
4    359.842 274.211 370.632   231
5    156.582 2035.47 4.78841 0.792637
6    0.643526 2.19817 6.9027 2031.2
7    1995.16 1.00595 166.948 466.15
8    0.736842     0 1.42105 63.7895
9    896.512 122.541 0.212684 1550.37
10   343.124 508.419 127.566 1728.05
11   292.895 377.579 270.053 361.737
12   0.742279 0.742279 2038.04 0.531753
13   3.54615 2037.92 3.20489 3.11738
14   19.1053 22.2632 1.10526 21.3158
15   1.44246 10.1109 2035.39 169.316
16   2038.03 0.799732 0.797758 0.322311
17   234.095 2032.94 193.187 50.1511
18   86.4641 251.489 2031.79 220.31
19   3.33938 2030.63 13.4799 0.971784
XX
CC  residue_type: 
CC  program: transfac
CC  matrix.nb: 5
CC  accession: cluster_46_perm3
CC  AC: cluster_46_perm3
CC  id: cluster_46
CC  name: cluster_46_perm3
CC  version: 
CC  name: cluster_46_perm3
CC  description: 
CC  transfac_consensus: 
CC  matrix.nb: 5
CC  consensus.strict: cGTtCCGACGAgTACctGG
CC  consensus.strict.rc: CCAGGTACTCGTCGGAACG
CC  consensus.IUPAC: hGTwCCGACGArTACytGG
CC  consensus.IUPAC.rc: CCARGTAYTCGTCGGWACD
CC  consensus.regexp: [act]GT[at]CCGACGA[ag]TAC[ct]tGG
CC  consensus.regexp.rc: CCA[AG]GTA[CT]TCGTCGG[AT]AC[AGT]
XX
//
AC  cluster_46_perm4
XX
ID  cluster_46_perm4
XX
DE  hGTwCCGACGArTACytGG
P0       a     c     g     t
1    156.582 2035.47 4.78841 0.792637
2    359.842 274.211 370.632   231
3    0.532147 0.429774 2038.04 0.315789
4    19.1053 22.2632 1.10526 21.3158
5    896.512 122.541 0.212684 1550.37
6    343.124 508.419 127.566 1728.05
7    3.54615 2037.92 3.20489 3.11738
8    86.4641 251.489 2031.79 220.31
9    0.742279 0.742279 2038.04 0.531753
10   3.33938 2030.63 13.4799 0.971784
11   234.095 2032.94 193.187 50.1511
12   2038.03 0.799732 0.797758 0.322311
13   0.736842     0 1.42105 63.7895
14   0.368421 1.05263 52.0526 11.7368
15   0.643526 2.19817 6.9027 2031.2
16   1.44246 10.1109 2035.39 169.316
17   1915.23 123.493 480.304 257.763
18   292.895 377.579 270.053 361.737
19   1995.16 1.00595 166.948 466.15
XX
CC  residue_type: 
CC  program: transfac
CC  matrix.nb: 5
CC  accession: cluster_46_perm4
CC  AC: cluster_46_perm4
CC  id: cluster_46
CC  name: cluster_46_perm4
CC  version: 
CC  name: cluster_46_perm4
CC  description: 
CC  transfac_consensus: 
CC  matrix.nb: 5
CC  consensus.strict: cGTtCCGACGAgTACctGG
CC  consensus.strict.rc: CCAGGTACTCGTCGGAACG
CC  consensus.IUPAC: hGTwCCGACGArTACytGG
CC  consensus.IUPAC.rc: CCARGTAYTCGTCGGWACD
CC  consensus.regexp: [act]GT[at]CCGACGA[ag]TAC[ct]tGG
CC  consensus.regexp.rc: CCA[AG]GTA[CT]TCGTCGG[AT]AC[AGT]
XX
//
AC  cluster_46_perm5
XX
ID  cluster_46_perm5
XX
DE  hGTwCCGACGArTACytGG
P0       a     c     g     t
1    343.124 508.419 127.566 1728.05
2    1.44246 10.1109 2035.39 169.316
3    0.742279 0.742279 2038.04 0.531753
4    1915.23 123.493 480.304 257.763
5    3.33938 2030.63 13.4799 0.971784
6    156.582 2035.47 4.78841 0.792637
7    0.532147 0.429774 2038.04 0.315789
8    19.1053 22.2632 1.10526 21.3158
9    0.368421 1.05263 52.0526 11.7368
10   86.4641 251.489 2031.79 220.31
11   0.643526 2.19817 6.9027 2031.2
12   234.095 2032.94 193.187 50.1511
13   292.895 377.579 270.053 361.737
14   896.512 122.541 0.212684 1550.37
15   1995.16 1.00595 166.948 466.15
16   359.842 274.211 370.632   231
17   0.736842     0 1.42105 63.7895
18   3.54615 2037.92 3.20489 3.11738
19   2038.03 0.799732 0.797758 0.322311
XX
CC  residue_type: 
CC  program: transfac
CC  matrix.nb: 5
CC  accession: cluster_46_perm5
CC  AC: cluster_46_perm5
CC  id: cluster_46
CC  name: cluster_46_perm5
CC  version: 
CC  name: cluster_46_perm5
CC  description: 
CC  transfac_consensus: 
CC  matrix.nb: 5
CC  consensus.strict: cGTtCCGACGAgTACctGG
CC  consensus.strict.rc: CCAGGTACTCGTCGGAACG
CC  consensus.IUPAC: hGTwCCGACGArTACytGG
CC  consensus.IUPAC.rc: CCARGTAYTCGTCGGWACD
CC  consensus.regexp: [act]GT[at]CCGACGA[ag]TAC[ct]tGG
CC  consensus.regexp.rc: CCA[AG]GTA[CT]TCGTCGG[AT]AC[AGT]
XX
//
AC  cluster_47_perm1
XX
ID  cluster_47_perm1
XX
DE  CyGTTCGArCyGmrCkTAAG
P0       a     c     g     t
1    656.337 4911.01 1174.61 391.043
2    102.257 2624.4 255.696 3851.76
3    14.6985 23.3834 6764.62 10.9604
4    162.905 858.799 163.527 3519.32
5    64.3789 9.9288 27.6954 6690.66
6    6.45407 6587.29 7.7934 7.57118
7    1461.78 227.883 5306.38 55.619
8    5156.27 153.178 23.4211 1546.46
9    4031.17 271.51 2278.53 95.6708
10   6.45643 6587.2 9.00724 8.89251
11   615.111 1052.11 430.667 1093.56
12   376.965 1207.29 4930.8 670.167
13   2524.1 4244.29 566.568 338.264
14    1079 440.222 1058.22 614.111
15   40.9465 5208.79 175.542 1436.06
16   350.746 596.582 4405.27 2547.29
17   1321.54 18.384 115.624 5396.12
18   6614.51 43.336 17.2342 96.1389
19   3399.74 136.814 1149.73 161.494
20   23.8183 29.7026 6770.89 20.147
XX
CC  residue_type: 
CC  program: transfac
CC  matrix.nb: 6
CC  accession: cluster_47_perm1
CC  AC: cluster_47_perm1
CC  id: cluster_47
CC  name: cluster_47_perm1
CC  version: 
CC  name: cluster_47_perm1
CC  description: 
CC  transfac_consensus: 
CC  matrix.nb: 6
CC  consensus.strict: CtGTTCGAaCtGcaCgTAAG
CC  consensus.strict.rc: CTTACGTGCAGTTCGAACAG
CC  consensus.IUPAC: CyGTTCGArCyGmrCkTAAG
CC  consensus.IUPAC.rc: CTTAMGYKCRGYTCGAACRG
CC  consensus.regexp: C[ct]GTTCGA[ag]C[ct]G[ac][ag]C[gt]TAAG
CC  consensus.regexp.rc: CTTA[AC]G[CT][GT]C[AG]G[CT]TCGAAC[AG]G
XX
//
AC  cluster_47_perm2
XX
ID  cluster_47_perm2
XX
DE  CyGTTCGArCyGmrCkTAAG
P0       a     c     g     t
1    162.905 858.799 163.527 3519.32
2    4031.17 271.51 2278.53 95.6708
3    2524.1 4244.29 566.568 338.264
4    3399.74 136.814 1149.73 161.494
5    64.3789 9.9288 27.6954 6690.66
6    6614.51 43.336 17.2342 96.1389
7    102.257 2624.4 255.696 3851.76
8     1079 440.222 1058.22 614.111
9    656.337 4911.01 1174.61 391.043
10   376.965 1207.29 4930.8 670.167
11   615.111 1052.11 430.667 1093.56
12   14.6985 23.3834 6764.62 10.9604
13   40.9465 5208.79 175.542 1436.06
14   6.45643 6587.2 9.00724 8.89251
15   350.746 596.582 4405.27 2547.29
16   23.8183 29.7026 6770.89 20.147
17   5156.27 153.178 23.4211 1546.46
18   1461.78 227.883 5306.38 55.619
19   1321.54 18.384 115.624 5396.12
20   6.45407 6587.29 7.7934 7.57118
XX
CC  residue_type: 
CC  program: transfac
CC  matrix.nb: 6
CC  accession: cluster_47_perm2
CC  AC: cluster_47_perm2
CC  id: cluster_47
CC  name: cluster_47_perm2
CC  version: 
CC  name: cluster_47_perm2
CC  description: 
CC  transfac_consensus: 
CC  matrix.nb: 6
CC  consensus.strict: CtGTTCGAaCtGcaCgTAAG
CC  consensus.strict.rc: CTTACGTGCAGTTCGAACAG
CC  consensus.IUPAC: CyGTTCGArCyGmrCkTAAG
CC  consensus.IUPAC.rc: CTTAMGYKCRGYTCGAACRG
CC  consensus.regexp: C[ct]GTTCGA[ag]C[ct]G[ac][ag]C[gt]TAAG
CC  consensus.regexp.rc: CTTA[AC]G[CT][GT]C[AG]G[CT]TCGAAC[AG]G
XX
//
AC  cluster_47_perm3
XX
ID  cluster_47_perm3
XX
DE  CyGTTCGArCyGmrCkTAAG
P0       a     c     g     t
1    5156.27 153.178 23.4211 1546.46
2    162.905 858.799 163.527 3519.32
3    23.8183 29.7026 6770.89 20.147
4    102.257 2624.4 255.696 3851.76
5     1079 440.222 1058.22 614.111
6    376.965 1207.29 4930.8 670.167
7    350.746 596.582 4405.27 2547.29
8    40.9465 5208.79 175.542 1436.06
9    6614.51 43.336 17.2342 96.1389
10   14.6985 23.3834 6764.62 10.9604
11   6.45407 6587.29 7.7934 7.57118
12   1321.54 18.384 115.624 5396.12
13   656.337 4911.01 1174.61 391.043
14   4031.17 271.51 2278.53 95.6708
15   3399.74 136.814 1149.73 161.494
16   6.45643 6587.2 9.00724 8.89251
17   64.3789 9.9288 27.6954 6690.66
18   1461.78 227.883 5306.38 55.619
19   615.111 1052.11 430.667 1093.56
20   2524.1 4244.29 566.568 338.264
XX
CC  residue_type: 
CC  program: transfac
CC  matrix.nb: 6
CC  accession: cluster_47_perm3
CC  AC: cluster_47_perm3
CC  id: cluster_47
CC  name: cluster_47_perm3
CC  version: 
CC  name: cluster_47_perm3
CC  description: 
CC  transfac_consensus: 
CC  matrix.nb: 6
CC  consensus.strict: CtGTTCGAaCtGcaCgTAAG
CC  consensus.strict.rc: CTTACGTGCAGTTCGAACAG
CC  consensus.IUPAC: CyGTTCGArCyGmrCkTAAG
CC  consensus.IUPAC.rc: CTTAMGYKCRGYTCGAACRG
CC  consensus.regexp: C[ct]GTTCGA[ag]C[ct]G[ac][ag]C[gt]TAAG
CC  consensus.regexp.rc: CTTA[AC]G[CT][GT]C[AG]G[CT]TCGAAC[AG]G
XX
//
AC  cluster_47_perm4
XX
ID  cluster_47_perm4
XX
DE  CyGTTCGArCyGmrCkTAAG
P0       a     c     g     t
1    1321.54 18.384 115.624 5396.12
2    615.111 1052.11 430.667 1093.56
3    6614.51 43.336 17.2342 96.1389
4    102.257 2624.4 255.696 3851.76
5    6.45643 6587.2 9.00724 8.89251
6    64.3789 9.9288 27.6954 6690.66
7    2524.1 4244.29 566.568 338.264
8     1079 440.222 1058.22 614.111
9    656.337 4911.01 1174.61 391.043
10   6.45407 6587.29 7.7934 7.57118
11   350.746 596.582 4405.27 2547.29
12   5156.27 153.178 23.4211 1546.46
13   376.965 1207.29 4930.8 670.167
14   14.6985 23.3834 6764.62 10.9604
15   162.905 858.799 163.527 3519.32
16   4031.17 271.51 2278.53 95.6708
17   23.8183 29.7026 6770.89 20.147
18   3399.74 136.814 1149.73 161.494
19   40.9465 5208.79 175.542 1436.06
20   1461.78 227.883 5306.38 55.619
XX
CC  residue_type: 
CC  program: transfac
CC  matrix.nb: 6
CC  accession: cluster_47_perm4
CC  AC: cluster_47_perm4
CC  id: cluster_47
CC  name: cluster_47_perm4
CC  version: 
CC  name: cluster_47_perm4
CC  description: 
CC  transfac_consensus: 
CC  matrix.nb: 6
CC  consensus.strict: CtGTTCGAaCtGcaCgTAAG
CC  consensus.strict.rc: CTTACGTGCAGTTCGAACAG
CC  consensus.IUPAC: CyGTTCGArCyGmrCkTAAG
CC  consensus.IUPAC.rc: CTTAMGYKCRGYTCGAACRG
CC  consensus.regexp: C[ct]GTTCGA[ag]C[ct]G[ac][ag]C[gt]TAAG
CC  consensus.regexp.rc: CTTA[AC]G[CT][GT]C[AG]G[CT]TCGAAC[AG]G
XX
//
AC  cluster_47_perm5
XX
ID  cluster_47_perm5
XX
DE  CyGTTCGArCyGmrCkTAAG
P0       a     c     g     t
1    40.9465 5208.79 175.542 1436.06
2    1461.78 227.883 5306.38 55.619
3    23.8183 29.7026 6770.89 20.147
4    2524.1 4244.29 566.568 338.264
5    5156.27 153.178 23.4211 1546.46
6    14.6985 23.3834 6764.62 10.9604
7    6.45407 6587.29 7.7934 7.57118
8    4031.17 271.51 2278.53 95.6708
9    1321.54 18.384 115.624 5396.12
10   6.45643 6587.2 9.00724 8.89251
11   3399.74 136.814 1149.73 161.494
12   162.905 858.799 163.527 3519.32
13   376.965 1207.29 4930.8 670.167
14   6614.51 43.336 17.2342 96.1389
15   64.3789 9.9288 27.6954 6690.66
16   615.111 1052.11 430.667 1093.56
17   656.337 4911.01 1174.61 391.043
18    1079 440.222 1058.22 614.111
19   350.746 596.582 4405.27 2547.29
20   102.257 2624.4 255.696 3851.76
XX
CC  residue_type: 
CC  program: transfac
CC  matrix.nb: 6
CC  accession: cluster_47_perm5
CC  AC: cluster_47_perm5
CC  id: cluster_47
CC  name: cluster_47_perm5
CC  version: 
CC  name: cluster_47_perm5
CC  description: 
CC  transfac_consensus: 
CC  matrix.nb: 6
CC  consensus.strict: CtGTTCGAaCtGcaCgTAAG
CC  consensus.strict.rc: CTTACGTGCAGTTCGAACAG
CC  consensus.IUPAC: CyGTTCGArCyGmrCkTAAG
CC  consensus.IUPAC.rc: CTTAMGYKCRGYTCGAACRG
CC  consensus.regexp: C[ct]GTTCGA[ag]C[ct]G[ac][ag]C[gt]TAAG
CC  consensus.regexp.rc: CTTA[AC]G[CT][GT]C[AG]G[CT]TCGAAC[AG]G
XX
//
AC  cluster_52_perm1
XX
ID  cluster_52_perm1
XX
DE  rArTGrsAsAwa
P0       a     c     g     t
1    18.2683 16.6341 22.6585 9.41463
2    5097.61 174.809 352.289 342.434
3    2064.92 895.237 2044.71 328.549
4    3.45209 2.58559 3.97456 5151.99
5    2.08231 0.812927 5155.64 0.561485
6    282.533 55.6834 176.313 77.1049
7    777.693 1294.03 1126.65 767.921
8    5155.42 1.24498 2.02546 4.11797
9    470.123 1916.26 2795.4 452.458
10   5131.55 107.871 23.4765 332.417
11   3395.07 1188.11 157.262 2346.75
12   1145.88 793.27 788.518 755.163
XX
CC  residue_type: 
CC  program: transfac
CC  matrix.nb: 7
CC  accession: cluster_52_perm1
CC  AC: cluster_52_perm1
CC  id: cluster_52
CC  name: cluster_52_perm1
CC  version: 
CC  name: cluster_52_perm1
CC  description: 
CC  transfac_consensus: 
CC  matrix.nb: 7
CC  consensus.strict: gAaTGacAgAaa
CC  consensus.strict.rc: TTTCTGTCATTC
CC  consensus.IUPAC: rArTGrsAsAwa
CC  consensus.IUPAC.rc: TWTSTSYCAYTY
CC  consensus.regexp: [ag]A[ag]TG[ag][cg]A[cg]A[at]a
CC  consensus.regexp.rc: T[AT]T[CG]T[CG][CT]CA[CT]T[CT]
XX
//
AC  cluster_52_perm2
XX
ID  cluster_52_perm2
XX
DE  rArTGrsAsAwa
